### bzr hashcache v5
bi_conv_mat.py// 40f6ae5d600d28e5b1ad5ea17ddbf93170dc343c 1292 1187198687 1187198687 1989617 21 33188
eq_conv_mat.py// c9ed12b3593b157fad530e15d9ad455338ef66b3 6741 1187799885 1187799885 1989649 21 33188
vec.py// 1a260519162f88881f6d55455770ee062892ce80 418 1204655328 1204655328 1989665 21 33188
eq_conv_mat_reduced_multin.py// ffdf2737c1954bf6b71f84994f77985a848cedbc 6006 1201451081 1201451081 1989662 21 33188
inp_sparse_patch_mat.py// a40d78ae69380bccfafdc2bdf6c58b3781b245ea 10299 1187479382 1187479382 1989643 21 33188
sparse_conv_mat.py// 1a6a382b3a63c33ea260e9c7db53822e7210017f 5923 1187299328 1187299328 1989631 21 33188
inp_sparse_std_mat.py// e70c276ac0fd1a20a84c16ce1d7b0d1e7900373a 1945 1190212764 1190212764 1989646 21 33188
std_mat.py// 67eb7bdbf5967b097be76ba9ccf55ee408123d8a 1041 1197578417 1197578417 1989658 21 33188
inp_eq_patch_mat.py// 421b52348c6bf4365d1b076447e7a530be3eaceb 11165 1187484729 1187484729 1989652 21 33188
bstd_mat.py// ad257607cd43fa326a7eca2871e0bcdf28d5801f 131 1193083480 1193083480 1989650 21 33188
eq_patch_mat.py// 428cea82825bbdd61add84b617c8179771cab3df 6447 1188409597 1188409597 1989628 21 33188
bias_mat.py// 4bc4d5eb5bb85fac302ec43c43826bf89072221e 2420 1188404762 1188404762 1989600 21 33188
inv_conv_mat.py// 3931dd0a60778f1d197194184e7d1024f4184681 4502 1187198687 1187198687 1989622 21 33188
sparse_mat.py// 5ba705c3775500bf9104921b7dc6b0df290c42a2 2337 1187198686 1187198686 1989593 21 33188
low_rank_mat.py// 58754046b60ffd7c5110d8a56530664928f9c1b5 1000 1188404601 1188404601 1989610 21 33188
seq_mat.py// f3b66d7d1c2d54b1585d90886e1c89684e6f63cd 2808 1204237807 1204237807 1989663 21 33188
tensor_ops.py// 2c0f2b9df62b10e3ebcbcbe1a0040835076878de 3408 1187198686 1187198686 1989601 21 33188
m_mat.py// 8847beffb24b63456daa88f58812399d2967f89c 1267 1204655303 1204655303 1989664 21 33188
seq_mat_offset.py// 8f05455d60c90a62a7053a850b79835fe82de2a5 2622 1187198686 1187198686 1989612 21 33188
s_mat.py// b152e192919f26a724d938fab462a84bfcd761b7 1310 1187626471 1187626471 1989655 21 33188
biseq_mat.py// 92787dd89f187b0a559718029c2899585d18ae43 2864 1187799321 1187799321 1989661 21 33188
eq_patch_mat_bak.py// 142b447122bb6d0c7b4ea56bfcfd3cce59e34c44 8642 1188409569 1188409569 1989627 21 33188
bias_down_mat.py// fe805e7840fac82c8b3327f0b3fa479f5f9f2a79 1162 1187202414 1187202414 1989630 21 33188
base_mat.py// 6b9d9c8ee0f33c895689cfaf778063707d6cc686 8356 1203978703 1203978703 1989656 21 33188
binary_sparse_vec.py// 96ce8bf01cd8faaa06d54cd258a61a6242e8a2bb 1071 1187641663 1187641663 1989657 21 33188
sparse_patch_mat.py// 81e98bd72ec11bb1f6fafd94148217983ae17f97 7658 1188409553 1188409553 1989614 21 33188
__init__.py// 05ba9ed2daccbbdc1d3d8ec32cd0e255cc32998f 23 1187198686 1187198686 1989588 21 33188
conv_mat.py// cc5c964cb58346966d7c6c179c0b5afa2aa20ba8 5352 1188404659 1188404659 1989619 21 33188
eq_conv_mat_multin.py// 4c8855e1a2255010552b25d9e4073713956f294e 5844 1201032027 1201032027 1989659 21 33188
bias_up_mat.py// 5a9ef0cf5718177b7304d8ccb70f8e5effafafe2 1188 1203435668 1203435668 1989644 21 33188
std_mat_m.py// 80c870faf0b0610c34e6d26d1415b0d2357caac8 1285 1187198687 1187198687 1989613 21 33188
