### bzr hashcache v5
weight_decay.py// 10462a6bb240af92758ee267209b43fc98e42598 152 1187198688 1187198688 2466855 21 33188
img.py// db1400b47a7f6082b592c0d0a319e9dbf9796a09 226 1187198688 1187198688 2466866 21 33188
named_vec.py// 7ab71b1e837842b4827ead35700dc81524a58279 6546 1190237948 1190237948 2466950 21 33188
basic4.py// 40630b2ec23df42942e7beadc991e97486ad8b04 911 1188775950 1188775950 2466850 21 33188
basic3.py// fa16dc0373b719b4c660f3aa2f8e446f05d88820 4408 1204219339 1204219339 2466958 21 33188
ginput.py// e54c7710a781ede2d20f301f42e2a15f65991523 2094 1202832634 1202832634 2466960 21 33188
__init__.py// c955605bba5d8cd8798f502232e2dd58dd85717b 1660 1226354372 1260980386 16884344 2049 33188
basic2.py// 8052a5116227b4f5ce40e7792b63ea30ab54f1e4 174 1187198688 1187198688 2466859 21 33188
infix.py// de74ac888265c9ee282975fc8858784084bdd4c2 580 1187198688 1187198688 2466856 21 33188
basic.py// 78e81e92522d913fc2893794a8475959c642e89c 3476 1199309555 1199309555 2466957 21 33188
par.py// 8c3dd0a7663f25ca4786b3d4c2b58f53449d7a04 18588 1187198688 1187198688 2466868 21 33188
basic0.py// a16a18d1e43b75f8dd57045a7c23d464078c2216 618 1204220359 1204220359 2466961 21 33188
loader.py// 076bddc1c2232878329df924e833b5a0e0dca39b 674 1187198688 1187198688 2466860 21 33188
interp2d.py// 864bd8f0d9a50f91f1c5309ea8f9278725393c93 11173 1187879988 1187880001 1500149 21 33188
basic5.py// ff4d3fd64e8eb49900f5f8f50c3f4faa63c76a4f 1768 1198040058 1198040058 2466951 21 33188
